5.477782866513578597e-01
-4.238354275112310443e-01
-3.901286938714148000e-01
1.838925487476350540e-02
-3.411329595407885940e-01
5.949120225509352267e-02
7.247027871995015413e-01
-1.212059963251133077e-01
8.299966273311643050e-03
5.202797895468400657e-01
6.315479576982898635e-01
-7.716665431158369337e-01
4.718649139403401360e-01
5.206099799419088292e-01
-5.088643240782424471e-01
4.779392941773978887e-01
-6.798757431335020751e-01
6.016805380318013263e-01
-5.525693446553403554e-01
-4.564824100578912525e-01
-9.566909305449617928e-01
6.783077794015521800e-01
6.140106796232782660e-01
3.995787398638370735e-01
6.478117688765394622e-01
-2.042346658802816073e-01
-8.728977669322457444e-02
5.132042536877472472e-01
8.787471955036374460e-01
4.091922887582599699e-02
-2.982669847106078631e-01
7.033665542764826473e-01
-4.128930541545108301e-01
-3.936937417025128116e-01
-3.498180782215161155e-01
6.401352040303276425e-01
9.053782710487074947e-01
-7.633718728850835689e-02
5.764054842650740973e-01
1.180054538862245206e-01
9.494424874357982880e-01
-8.861208029154792332e-01
-4.392401319398739901e-01
1.284516468162726355e-01
-2.661085741981656927e-01
-5.637452551437076576e-01
-2.464624786139364421e-01
-4.594175614072988356e-01
-3.564759764844636081e-01
-2.445622994236540393e-02
-7.994801230453940644e-01
-7.727479671205768064e-01
5.456097674029112277e-01
-2.748012343951078407e-02
2.395954016583938806e-01
6.185437439647085700e-01
-2.099144786284961040e-01
-8.988633981317732946e-01
2.858908424680268734e-01
4.725541974058877770e-02
2.101213056595465645e-01
-2.328016847328011618e-01
-6.828613927904116920e-01
1.216076627449929060e-01
-2.166364410811876251e-01
-9.941275321207385662e-01
3.869427547814945356e-01
-4.762016321871691549e-01
5.225195649994485159e-02
-6.607085109164065884e-01
-7.643347993460152257e-01
-1.367140186857898065e-01
-3.036992500123303351e-02
-8.171572982892105763e-02
-5.014959640383378492e-01
4.415295266602285995e-01
6.145510901649926527e-01
-8.643048735457035114e-01
-5.968818789054060048e-01
4.991455545371725755e-01
9.817988638860317696e-01
-3.941209132630765222e-01
5.052267519631765680e-01
8.455677159848573599e-01
3.293357132679572974e-01
-6.576228704658044766e-01
-2.921844031735698621e-02
-8.908906367315192476e-01
5.266040923494177406e-01
2.766754693406128229e-01
-5.217507099218294808e-01
-2.026856316940051084e-01
-1.341011940723089158e-01
-4.062810514388055516e-01
9.099527249870160706e-01
-8.781432966309992150e-01
6.045119599538992805e-01
-6.977901537639299434e-01
-9.555353777899313616e-01
-2.789416943829310380e-01
-6.326391553092591824e-01
-7.968291474466515645e-01
4.105811773465897208e-01
-6.045232574224590483e-01
-6.220554822926309679e-01
-7.544239847654412578e-01
-1.941716657714556149e-01
5.756909912018224329e-01
3.363992513187863409e-02
-3.692860836250981826e-01
-1.152120374008638315e-01
1.970130958167284341e-01
-5.665889392637377675e-01
9.437847502807068523e-01
-9.734827523870963617e-01
5.783680666500099488e-01
-7.237177168410267036e-01
-3.256139218212885655e-01
-8.556542787797281058e-01
3.610202640080435454e-01
-3.824314807725901488e-01
-2.841661724451161053e-01
-1.430390933909324591e-01
1.312857764882959799e-01
-9.190735716368656494e-01
-8.859939871128394984e-01
1.759365798030538830e-01
-8.754865301921705978e-01
-1.985129856047687102e-01
9.075062717790365330e-01
-6.500480215604882428e-01
-4.279857717283570562e-01
-5.470191189605346782e-01
-3.604305540873464775e-01
-8.969248336364599172e-01
-4.163098505186471066e-01
9.982394619824686011e-01
-2.021851738644322438e-01
1.901606399430739724e-01
1.540253097926129744e-01
-8.731635737163361277e-01
8.406065798994748484e-01
9.510257735565907922e-02
4.562849628488505616e-01
9.959573590692281098e-01
3.711313571262293554e-01
-7.755907075902730430e-01
4.306334214092339963e-01
1.422383500557100611e-01
8.515394745481650318e-01
7.714256126443137518e-01
8.624319150749355511e-01
5.732068239801562104e-01
-4.635945934024381376e-01
-7.798161127821612304e-02
-3.707788762959947082e-01
6.265905052209481685e-01
7.125207801709727562e-01
6.168116382317616608e-01
-5.169865512912119598e-01
7.840292898544358735e-01
9.429333018654015852e-01
8.656732376015097152e-02
-4.269480063914556922e-01
6.492860775445967736e-01
3.131826277144318382e-01
1.434627899342622026e-01
6.466957873549457059e-01
-1.358122951841624904e-01
6.935116295885590532e-02
5.690056911117173932e-01
-3.009623524341376033e-01
-7.311215938351252053e-01
-3.889826157266929041e-01
-2.959191104745446665e-01
-9.256474189199570546e-02
7.589150948518004203e-01
-3.812823758436694188e-01
-6.133844170057782819e-01
-2.357091766851171499e-01
-7.457574598445524394e-01
-6.821501625396755308e-01
-2.264437913332884023e-02
4.529681611361939808e-01
9.978922368650453567e-01
-8.469993378114506477e-01
4.148377209682410083e-01
-4.834645954961449554e-01
-7.658764153650898798e-01
9.766343364547447337e-02
2.425283225611218896e-01
-6.258344202972920822e-01
9.687936568432877760e-01
-4.973266857506561944e-01
4.604485222350778173e-01
8.257721940885751621e-01
-1.483583085109074773e-01
-4.411632364978763654e-01
-6.060546706176428433e-01
-7.475947338555761768e-01
-2.765970767310785838e-01
7.297261358543967180e-01
5.481942229648153475e-01
7.066911724043603016e-01
9.547510903214782019e-01
3.040279016305613702e-02
7.950464416066054252e-01
-1.441508053968656444e-01
-5.680290156943945679e-01
-2.917947869309596154e-01
-8.689847170379676466e-01
4.119637222563523604e-01
7.697199538866028590e-02
1.437799445762939499e-01
1.760395256202644809e-01
8.020449786765175837e-01
-8.838884572943606077e-01
-6.366341665600090405e-01
4.118058227386478531e-01
-3.924794957918613658e-01
7.989716662733077346e-01
-3.972464208366133231e-01
3.893791641782964330e-01
-1.390501695341010979e-01
-3.382684396336808064e-01
8.804217696415437278e-01
9.463760025499148298e-01
3.820394120633638924e-01
-8.222617883368976699e-01
-6.312643909708302026e-01
-9.606935205299982350e-01
4.461209795729041971e-01
2.031061491599588376e-01
-7.565681484569855009e-01
-2.194638338147689716e-01
9.953088408903916218e-01
1.953172774401890077e-01
-4.135323102109305093e-01
7.154087658636210101e-01
6.969689816404043281e-01
-2.110648149727278877e-03
-8.713074757355334654e-01
-4.279362715365007119e-01
9.734469127246958564e-01
3.551411934512258561e-01
-4.471300546808258947e-01
-6.313185874626880967e-01
-2.026654915276322466e-01
5.481736736599307491e-02
-7.754597890432455287e-01
-3.442674298179724257e-01
-5.762395333419929599e-01
-7.604418482504224919e-01
-7.625052132365228719e-01
1.110193530969714182e-01
-3.112430192485664548e-01
-7.036809336485463362e-01
-8.832013164761585156e-01
3.900387355121828215e-01
-9.532286933065126089e-01
-3.013045057435845830e-01
4.707967184318930798e-01
-8.749138177208533040e-01
3.235355706034479528e-01
8.680642447994946220e-01
